782
292
755
69
815
214
223
377
896
715
364
21
388
632
250
733
630
649
509
570
614
462
991
820
68
129
35
48
958
572
242
200
776
67
209
96
805
376
156
926
414
220
811
108
471
527
589
327
461
886
700
568
985
851
29
984
710
474
203
666
641
971
72
184
144
468
650
552
404
929
119
362
452
830
516
158
505
946
371
529
873
759
307
875
295
401
785
272
219
10
198
90
113
961
540
299
403
839
20
392
160
638
788
215
488
1000
153
947
790
914
860
530
228
963
467
948
599
393
315
296
871
205
517
55
368
499
545
24
604
662
882
617
524
47
806
443
276
741
754
982
775
699
506
25
384
288
39
82
174
256
522
353
157
620
786
616
120
983
423
460
444
56
603
807
773
619
106
631
848
239
774
769
18
919
877
739
800
746
66
178
918
534
413
42
1
989
707
390
40
289
46
939
645
356
988
500
344
684
361
732
247
628
674
606
411
924
565
854
962
861
262
445
951
740
594
812
829
81
612
569
592
402
890
305
900
95
793
310
26
944
36
199
941
175
136
615
850
337
590
373
267
45
484
980
813
146
370
546
845
771
596
23
243
562
441
279
584
975
359
38
464
210
398
531
901
181
952
563
236
780
874
730
9
126
964
241
148
338
639
843
257
711
7
167
760
430
955
777
923
934
188
680
789
79
17
724
801
459
688
664
792
451
862
253
494
943
343
492
30
472
379
511
940
992
182
904
508
658
542
235
52
16
564
576
842
381
88
329
624
49
783
965
352
53
244
135
588
998
818
870
748
510
676
997
847
268
86
196
37
232
293
507
490
598
275
713
690
503
281
547
335
959
363
593
972
303
702
515
758
858
221
400
722
231
578
159
287
456
340
130
665
743
695
112
809
864
378
889
4
865
179
977
495
719
304
736
138
449
808
727
360
100
382
828
566
629
834
150
681
498
731
447
772
990
13
383
339
11
180
255
970
921
647
204
671
626
583
283
892
122
269
797
168
895
528
446
897
176
155
908
837
372
302
290
476
720
249
164
761
202
481
866
284
519
637
41
884
19
12
978
114
27
995
937
826
922
704
65
273
145
762
77
252
195
395
480
836
416
539
648
313
218
633
621
907
753
347
211
104
312
949
745
605
655
794
355
672
326
163
102
930
608
434
265
115
190
912
470
240
752
734
386
738
915
831
366
573
656
787
51
103
698
435
34
580
575
170
966
893
876
137
263
538
822
974
577
767
105
556
832
124
367
855
833
856
714
71
440
679
559
397
14
426
429
238
913
723
999
663
76
953
582
844
116
418
301
857
385
358
125
491
345
332
226
422
410
320
222
438
504
6
33
657
728
357
237
601
920
161
526
764
111
109
518
285
872
87
457
537
32
708
463
894
407
194
22
475
835
869
646
277
278
536
234
609
439
867
489
333
251
128
747
44
15
185
513
945
879
909
706
652
54
140
750
574
969
123
248
558
396
579
473
555
93
436
585
415
667
254
139
291
286
849
932
691
533
636
496
406
259
709
399
437
169
201
541
80
229
497
551
84
521
300
717
28
2
433
810
644
92
784
57
207
891
83
673
549
212
581
726
525
840
427
458
885
697
744
685
485
152
131
346
852
859
586
349
450
380
916
330
532
230
683
322
737
261
387
62
308
643
350
979
162
177
682
502
803
553
336
659
613
319
520
43
766
97
623
950
342
118
591
634
478
661
677
878
405
425
432
189
171
560
824
618
197
993
976
853
334
567
8
94
883
597
465
781
735
227
442
98
298
703
986
351
825
208
729
394
544
696
78
469
905
274
557
409
625
391
60
107
186
453
61
431
318
454
956
607
246
63
173
282
3
880
369
5
477
365
316
987
642
64
428
59
133
487
331
417
600
686
266
483
712
798
827
933
341
245
324
258
868
823
479
389
216
314
692
117
816
751
911
635
846
75
165
749
193
89
91
482
721
50
957
595
548
58
192
725
493
85
611
779
264
718
217
260
142
74
419
938
561
191
756
543
110
906
421
622
325
183
610
654
306
354
701
550
294
270
166
881
321
687
678
134
931
151
935
317
348
841
795
942
271
486
653
888
225
571
233
689
328
448
311
375
501
742
791
132
213
660
101
309
424
693
898
374
668
651
967
640
408
863
925
412
297
694
968
149
927
669
838
973
466
819
121
954
796
73
757
670
910
765
172
821
587
994
420
143
763
996
778
523
455
902
206
280
187
147
960
141
887
817
804
323
154
224
770
768
99
535
903
814
899
627
70
799
705
512
31
917
716
514
981
928
675
802
127
602
554
936