245
444
307
142
406
330
616
345
500
562
582
436
306
452
547
705
634
911
100
432
686
182
726
930
875
602
55
575
487
515
499
618
174
723
934
382
39
565
291
492
199
462
956
818
340
789
644
860
389
470
293
246
962
253
454
189
298
398
136
524
900
6
756
162
374
56
377
422
206
822
161
322
257
837
765
184
402
375
614
229
367
861
347
159
290
527
960
43
561
395
684
894
424
711
158
817
92
40
554
604
285
824
66
759
548
335
646
210
928
64
423
635
197
271
24
397
41
929
338
908
523
719
924
831
83
887
790
819
899
750
50
77
78
232
772
202
381
165
791
167
270
501
178
910
276
256
4
821
891
296
986
567
544
365
936
126
456
417
94
275
280
97
30
906
429
363
611
11
834
300
857
16
735
963
570
485
453
694
952
405
303
670
843
208
19
572
935
698
692
586
851
415
880
355
98
923
886
223
849
883
954
239
816
53
748
542
810
408
747
828
341
780
346
9
191
968
823
380
530
737
985
392
122
446
21
904
514
372
112
961
792
14
284
773
627
994
150
47
512
186
991
700
668
411
18
321
54
351
536
794
902
218
336
659
478
760
509
343
86
460
815
196
439
391
111
594
755
752
48
251
663
892
841
585
216
674
234
658
702
873
160
731
786
621
252
688
85
183
717
516
655
715
455
907
958
212
326
913
939
287
832
642
732
545
629
564
969
241
76
667
390
194
443
153
804
550
418
221
95
362
566
915
645
366
248
272
895
33
305
933
983
691
881
498
876
123
525
739
518
522
926
671
331
294
274
209
138
801
356
295
853
690
557
637
632
802
267
865
706
130
430
769
738
437
480
113
722
787
890
0
434
324
473
610
329
707
656
998
734
552
407
387
693
795
23
146
438
720
244
539
978
108
950
704
613
410
344
528
282
477
648
369
481
354
506
662
504
612
61
488
260
672
888
712
844
517
758
72
872
250
193
258
697
927
169
628
770
920
836
242
664
959
268
592
721
543
386
856
254
800
641
20
988
144
776
71
640
132
51
729
531
140
224
463
847
289
373
325
981
57
599
497
378
302
49
96
909
728
965
479
973
205
323
761
333
919
87
489
633
970
58
620
445
471
677
412
979
948
135
866
317
231
957
237
450
352
898
104
60
709
980
535
448
607
230
982
84
508
782
788
476
578
118
987
553
944
119
332
549
579
91
264
558
638
495
591
348
654
469
507
107
278
361
783
733
409
25
679
813
526
503
751
414
265
925
699
143
38
781
745
803
617
80
370
964
201
360
768
966
163
29
725
905
379
796
992
703
219
825
12
442
975
775
468
472
797
941
877
177
643
666
971
227
609
874
533
156
661
474
754
651
277
976
89
327
180
106
541
493
623
989
746
401
870
949
779
316
233
105
187
137
943
680
938
115
419
313
190
383
798
27
811
428
912
714
848
494
441
596
226
953
214
767
121
215
669
808
400
195
576
243
785
784
141
207
17
99
850
181
3
859
466
68
753
901
534
228
185
465
225
312
683
529
449
314
376
334
871
587
918
916
81
597
74
563
510
65
151
482
297
842
741
117
606
743
7
358
266
771
337
757
457
475
461
310
238
211
774
675
15
240
940
255
46
884
73
152
155
496
922
799
364
103
213
486
90
249
1
653
125
342
868
652
740
889
615
385
259
519
222
885
124
695
990
133
93
139
319
560
384
170
88
458
921
131
262
730
261
110
171
701
878
220
420
154
766
70
157
551
639
166
45
996
490
102
830
882
513
67
917
932
301
484
451
37
744
62
82
897
657
114
168
583
435
537
839
814
678
273
368
625
120
315
942
403
371
951
467
619
357
995
555
993
304
2
431
440
36
172
279
447
647
203
5
247
52
807
858
742
826
568
339
235
404
967
505
59
687
736
521
101
845
605
8
569
532
164
286
425
128
63
805
580
812
999
179
396
511
28
600
309
109
263
69
763
581
200
777
421
820
217
778
483
806
26
931
353
149
764
388
749
320
393
173
863
299
724
42
394
793
35
236
413
622
134
650
464
665
862
676
846
573
116
838
34
502
559
829
127
192
879
79
520
835
896
288
129
433
32
630
584
399
903
974
590
31
538
626
827
577
689
459
685
945
175
188
713
427
660
308
75
673
937
318
696
349
852
44
682
869
855
147
833
601
840
283
311
710
328
809
624
198
972
854
281
416
204
762
556
571
593
681
145
718
636
589
867
955
359
491
893
292
598
22
984
997
269
977
13
148
914
10
631
649
608
947
603
546
708
574
540
864
946
716
176
727
595
350
588
426
